0 0.0
1 7.526563418645452e+28
2 1.5307396872903475e+29
3 2.3350257547797213e+29
4 3.1663148880683964e+29
5 4.025432896548191e+29
6 4.9132319267726184e+29
7 5.8305913662915425e+29
8 6.778418781114995e+29
9 7.757650888162844e+29
10 8.769254564116126e+29
11 9.814227892147966e+29
12 1.089360124807668e+30
13 1.2008438427551832e+30
14 1.3159837815955158e+30
15 1.4348933602772772e+30
16 1.5576897042273182e+30
17 1.6844937762408016e+30
18 1.8154305123937297e+30
19 1.9506289631872053e+30
